2.019429753155730
1.989954384954946
1.966106877127029
1.945316259367899
1.926530412540874
1.909193782173614
1.892969921878886
1.877636534087230
1.863037549124876
1.849058362007481
1.835611850311055
1.822629932960291
1.810058199438070
1.797852344646414
1.785975718130066
1.774397589108492
1.763091887091823
1.752036267735047
1.741211406746216
1.730600457240629
1.720188626519444
1.709962841617920
1.699911481858436
1.690024162684120
1.680291559233386
1.670705261065302
1.661257651558019
1.651941807037153
1.642751411820878
1.633680686210426
1.624724325089189
1.615877445276756
1.607135540155654
1.598494440376652
1.589950279673898
1.581499464998770
1.573138650322457
1.564864713570044
1.556674736239713
1.548565985334145
1.540535897291107
1.532582063649220
1.524702218225272
1.516894225612835
1.509156070839669
1.501485850044615
1.493881762054044
1.486342100754358
1.478865248170805
1.471449668174631
1.464093900750604
1.456796556765418
1.449556313184879
1.442371908694010
1.435242139679679
1.428165856540029
1.421141960289093
1.414169399428483
1.407247167061191
1.400374298225198
1.393549867426982
1.386772986357113
1.380042801771925
1.373358493526921
1.366719272748964
1.360124380135593
1.353573084370949
1.347064680648764
1.340598489293801
1.334173854473914
1.327790142995607
1.321446743176628
1.315143063789719
1.308878533072114
1.302652597795915
1.296464722394833
1.290314388143198
1.284201092383470
1.278124347798814
1.272083681727545
1.266078635516560
1.260108763911054
1.254173634478066
1.248272827061581
1.242405933267085
1.236572555973642
1.230772308871701
1.225004816024982
1.219269711454903
1.213566638746143
1.207895250672014
1.202255208838423
1.196646183345309
1.191067852464479
1.185519902332889
1.180002026660447
1.174513926451494
1.169055309739181
1.163625891332004
1.158225392571811
1.152853541102639
1.147510070649797
1.142194720808617
1.136907236842374
1.131647369488865
1.126414874775209
1.121209513840426
1.116031052765404
1.110879262409866
1.105753918255999
1.100654800258404
1.095581692700046
1.090534384053939
1.085512666850253
1.080516337548619
1.075545196415364
1.070599047405449
1.065677698048903
1.060780959341541
1.055908645639763
1.051060574559269
1.046236566877508
1.041436446439687
1.036660040068208
1.031907177475362
1.027177691179161
1.022471416422155
1.017788191093136
1.013127855651582
1.008490253054745
1.003875228687273
0.999282630293261
0.994712307910634
0.990164113807775
0.985637902422300
0.981133530301905
0.976650856047203
0.972189740256472
0.967750045472242
0.963331636129654
0.958934378506518
0.954558140675021
0.950202792455005
0.945868205368766
0.941554252597332
0.937260808938133
0.932987750764053
0.928734955983777
0.924502304003419
0.920289675689361
0.916096953332271
0.911924020612265
0.907770762565152
0.903637065549755
0.899522817216236
0.895427906475423
0.891352223469081
0.887295659541105
0.883258107209605
0.879239460139848
0.875239613118028
0.871258462025841
0.867295903815836
0.863351836487513
0.859426159064143
0.855518771570297
0.851629575010042
0.847758471345800
0.843905363477832
0.840070155224347
0.836252751302190
0.832453057308111
0.828670979700589
0.824906425782187
0.821159303682435
0.817429522341205
0.813716991492581
0.810021621649194
0.806343324087019
0.802682010830604
0.799037594638732
0.795409988990498
0.791799108071778
0.788204866762094
0.784627180621851
0.781065965879932
0.777521139421656
0.773992618777062
0.770480322109540
0.766984168204763
0.763504076459944
0.760039966873386
0.756591760034319
0.753159377113025
0.749742739851233
0.746341770552774
0.742956392074498
0.739586527817435
0.736232101718197
0.732893038240613
0.729569262367587
0.726260699593177
0.722967275914887
0.719688917826158
0.716425552309066
0.713177106827205
0.709943509318762
0.706724688189769
0.703520572307536
0.700331090994248
0.697156174020727
0.693995751600362
0.690849754383182
0.687718113450089
0.684600760307231
0.681497626880519
0.678408645510278
0.675333748946034
0.672272870341425
0.669225943249246
0.666192901616602
0.663173679780189
0.660168212461685
0.657176434763249
0.654198282163132
0.651233690511388
0.648282596025686
0.645344935287222
0.642420645236725
0.639509663170552
0.636611926736878
0.633727373931965
0.630855943096522
0.627997572912142
0.625152202397822
0.622319770906555
0.619500218121998
0.616693484055217
0.613899509041493
0.611118233737207
0.608349599116780
0.605593546469687
0.602850017397525
0.600118953811148
0.597400297927857
0.594693992268647
0.591999979655512
0.589318203208802
0.586648606344630
0.583991132772335
0.581345726491988
0.578712331791951
0.576090893246482
0.573481355713381
0.570883664331681
0.568297764519389
0.565723601971257
0.563161122656600
0.560610272817156
0.558070998964972
0.555543247880343
0.553026966609773
0.550522102463981
0.548028603015933
0.545546416098913
0.543075489804623
0.540615772481316
0.538167212731956
0.535729759412415
0.533303361629687
0.530887968740143
0.528483530347802
0.526089996302639
0.523707316698907
0.521335441873497
0.518974322404308
0.516623909108656
0.514284153041696
0.511955005494868
0.509636417994367
0.507328342299637
0.505030730401877
0.502743534522577
0.500466707112070
0.498200200848098
0.495943968634410
0.493697963599362
0.491462139094549
0.489236448693446
0.487020846190068
0.484815285597648
0.482619721147331
0.480434107286882
0.478258398679410
0.476092550202110
0.473936516945013
0.471790254209760
0.469653717508379
0.467526862562084
0.465409645300085
0.463302021858411
0.461203948578740
0.459115382007255
0.457036278893498
0.454966596189242
0.452906291047379
0.450855320820809
0.448813643061349
0.446781215518650
0.444757996139124
0.442743943064882
0.440739014632679
0.438743169372877
0.436756366008410
0.434778563453761
0.432809720813950
0.430849797383530
0.428898752645589
0.426956546270768
0.425023138116279
0.423098488224940
0.421182556824210
0.419275304325240
0.417376691321926
0.415486678589970
0.413605227085955
0.411732297946422
0.409867852486954
0.408011852201269
0.406164258760323
0.404325034011412
0.402494139977292
0.400671538855294
0.398857193016457
0.397051065004655
0.395253117535743
0.393463313496704
0.391681615944796
0.389907988106716
0.388142393377764
0.386384795321012
0.384635157666484
0.382893444310335
0.381159619314041
0.379433646903591
0.377715491468689
0.376005117561956
0.374302489898140
0.372607573353330
0.370920332964182
0.369240733927134
0.367568741597646
0.365904321489431
0.364247439273692
0.362598060778374
0.360956151987407
0.359321679039965
0.357694608229719
0.356074906004110
0.354462538963606
0.352857473860982
0.351259677600593
0.349669117237659
0.348085759977545
0.346509573175054
0.344940524333721
0.343378581105109
0.341823711288113
0.340275882828263
0.338735063817039
0.337201222491180
0.335674327232004
0.334154346564729
0.332641249157801
0.331135003822218
0.329635579510869
0.328142945317867
0.326657070477890
0.325177924365526
0.323705476494620
0.322239696517624
0.320780554224953
0.319328019544344
0.317882062540215
0.316442653413032
0.315009762498676
0.313583360267816
0.312163417325282
0.310749904409448
0.309342792391606
0.307942052275358
0.306547655196002
0.305159572419918
0.303777775343971
0.302402235494903
0.301032924528732
0.299669814230163
0.298312876511985
0.296962083414490
0.295617407104878
0.294278819876679
0.292946294149166
0.291619802466781
0.290299317498556
0.288984812037544
0.287676259000246
0.286373631426045
0.285076902476643
0.283786045435497
0.282501033707264
0.281221840817241
0.279948440410818
0.278680806252920
0.277418912227464
0.276162732336816
0.274912240701241
0.273667411558373
0.272428219262671
0.271194638284885
0.269966643211530
0.268744208744348
0.267527309699788
0.266315921008481
0.265110017714716
0.263909574975919
0.262714568062144
0.261524972355551
0.260340763349897
0.259161916650029
0.257988407971375
0.256820213139437
0.255657308089294
0.254499668865101
0.253347271619588
0.252200092613570
0.251058108215452
0.249921294900738
0.248789629251545
0.247663087956117
0.246541647808340
0.245425285707264
0.244313978656619
0.243207703764345
0.242106438242114
0.241010159404857
0.239918844670297
0.238832471558479
0.237751017691305
0.236674460792073
0.235602778685012
0.234535949294825
0.233473950646234
0.232416760863522
0.231364358170081
0.230316720887964
0.229273827437434
0.228235656336519
0.227202186200566
0.226173395741801
0.225149263768890
0.224129769186494
0.223114890994843
0.222104608289294
0.221098900259901
0.220097746190988
0.219101125460716
0.218109017540662
0.217121401995391
0.216138258482034
0.215159566749873
0.214185306639913
0.213215458084477
0.212250001106782
0.211288915820532
0.210332182429505
0.209379781227146
0.208431692596158
0.207487897008098
0.206548375022976
0.205613107288850
0.204682074541428
0.203755257603671
0.202832637385398
0.201914194882889
0.200999911178496
0.200089767440250
0.199183744921476
0.198281824960402
0.197383988979776
0.196490218486484
0.195600495071164
0.194714800407834
0.193833116253505
0.192955424447811
0.192081706912632
0.191211945651721
0.190346122750335
0.189484220374861
0.188626220772453
0.187772106270664
0.186921859277080
0.186075462278961
0.185232897842874
0.184394148614340
0.183559197317472
0.182728026754621
0.181900619806019
0.181076959429428
0.180257028659788
0.179440810608867
0.178628288464914
0.177819445492311
0.177014265031228
0.176212730497281
0.175414825381188
0.174620533248431
0.173829837738916
0.173042722566635
0.172259171519333
0.171479168458169
0.170702697317389
0.169929742103991
0.169160286897398
0.168394315849126
0.167631813182463
0.166872763192138
0.166117150244000
0.165364958774699
0.164616173291358
0.163870778371260
0.163128758661529
0.162390098878809
0.161654783808956
0.160922798306720
0.160194127295433
0.159468755766700
0.158746668780091
0.158027851462828
0.157312289009482
0.156599966681671
0.155890869807750
0.155184983782511
0.154482294066885
0.153782786187640
0.153086445737081
0.152393258372756
0.151703209817161
0.151016285857441
0.150332472345105
0.149651755195725
0.148974120388656
0.148299553966738
0.147628042036014
0.146959570765442
0.146294126386611
0.145631695193455
0.144972263541973
0.144315817849947
0.143662344596663
0.143011830322631
0.142364261629307
0.141719625178821
0.141077907693698
0.140439095956587
0.139803176809986
0.139170137155975
0.138539963955942
0.137912644230318
0.137288165058307
0.136666513577620
0.136047676984211
0.135431642532015
0.134818397532680
0.134207929355313
0.133600225426212
0.132995273228613
0.132393060302430
0.131793574243996
0.131196802705813
0.130602733396293
0.130011354079506
0.129422652574927
0.128836616757189
0.128253234555828
0.127672493955039
0.127094382993424
0.126518889763749
0.125946002412698
0.125375709140629
0.124807998201328
0.124242857901773
0.123680276601885
0.123120242714298
0.122562744704111
0.122007771088656
0.121455310437261
0.120905351371011
0.120357882562520
0.119812892735690
0.119270370665485
0.118730305177696
0.118192685148712
0.117657499505293
0.117124737224337
0.116594387332660
0.116066438906761
0.115540881072605
0.115017703005396
0.114496893929352
0.113978443117486
0.113462339891385
0.112948573620987
0.112437133724365
0.111928009667509
0.111421190964107
0.110916667175330
0.110414427909618
0.109914462822466
0.109416761616206
0.108921314039804
0.108428109888640
0.107937139004304
0.107448391274382
0.106961856632251
0.106477525056873
0.105995386572583
0.105515431248887
0.105037649200260
0.104562030585937
0.104088565609715
0.103617244519746
0.103148057608342
0.102680995211773
0.102216047710064
0.101753205526803
0.101292459128941
0.100833799026593
0.100377215772847
0.099922699963567
0.099470242237201
0.099019833274585
0.098571463798754
0.098125124574750
0.097680806409432
0.097238500151285
0.096798196690235
0.096359886957457
0.095923561925193
0.095489212606560
0.095056830055373
0.094626405365952
0.094197929672944
0.093771394151140
0.093346790015293
0.092924108519933
0.092503340959193
0.092084478666626
0.091667513015029
0.091252435416261
0.090839237321071
0.090427910218919
0.090018445637801
0.089610835144075
0.089205070342289
0.088801142875005
0.088399044422626
0.087998766703232
0.087600301472399
0.087203640523037
0.086808775685219
0.086415698826011
0.086024401849305
0.085634876695655
0.085247115342106
0.084861109802034
0.084476852124978
0.084094334396478
0.083713548737911
0.083334487306328
0.082957142294295
0.082581505929730
0.082207570475744
0.081835328230481
0.081464771526960
0.081095892732916
0.080728684250644
0.080363138516842
0.079999248002456
0.079637005212522
0.079276402686016
0.078917432995698
0.078560088747957
0.078204362582664
0.077850247173014
0.077497735225380
0.077146819479163
0.076797492706636
0.076449747712805
0.076103577335251
0.075758974443990
0.075415931941322
0.075074442761685
0.074734499871513
0.074396096269085
0.074059224984389
0.073723879078969
0.073390051645789
0.073057735809090
0.072726924724245
0.072397611577620
0.072069789586436
0.071743451998623
0.071418592092688
0.071095203177574
0.070773278592518
0.070452811706922
0.070133795920207
0.069816224661687
0.069500091390425
0.069185389595103
0.068872112793888
0.068560254534294
0.068249808393055
0.067940767975990
0.067633126917871
0.067326878882291
0.067022017561537
0.066718536676456
0.066416429976328
0.066115691238738
0.065816314269444
0.065518292902254
0.065221620998896
0.064926292448894
0.064632301169440
0.064339641105268
0.064048306228533
0.063758290538682
0.063469588062336
0.063182192853162
0.062896098991753
0.062611300585505
0.062327791768496
0.062045566701367
0.061764619571199
0.061484944591393
0.061206536001555
0.060929388067373
0.060653495080499
0.060378851358436
0.060105451244414
0.059833289107282
0.059562359341383
0.059292656366444
0.059024174627462
0.058756908594585
0.058490852763002
0.058226001652827
0.057962349808989
0.057699891801117
0.057438622223428
0.057178535694619
0.056919626857753
0.056661890380149
0.056405320953275
0.056149913292633
0.055895662137656
0.055642562251597
0.055390608421421
0.055139795457698
0.054890118194497
0.054641571489278
0.054394150222785
0.054147849298947
0.053902663644764
0.053658588210208
0.053415617968120
0.053173747914103
0.052932973066418
0.052693288465888
0.052454689175789
0.052217170281751
0.051980726891657
0.051745354135542
0.051511047165492
0.051277801155545
0.051045611301592
0.050814472821277
0.050584380953898
0.050355330960311
0.050127318122831
0.049900337745134
0.049674385152163
0.049449455690029
0.049225544725915
0.049002647647985
0.048780759865283
0.048559876807642
0.048339993925590
0.048121106690252
0.047903210593265
0.047686301146677
0.047470373882859
0.047255424354410
0.047041448134070
0.046828440814623
0.046616398008813
0.046405315349245
0.046195188488304
0.045986013098060
0.045777784870179
0.045570499515836
0.045364152765629
0.045158740369483
0.044954258096572
0.044750701735226
0.044548067092845
0.044346349995815
0.044145546289419
0.043945651837754
0.043746662523643
0.043548574248554
0.043351382932513
0.043155084514019
0.042959674949963
0.042765150215543
0.042571506304183
0.042378739227446
0.042186845014959
0.041995819714325
0.041805659391042
0.041616360128427
0.041427918027530
0.041240329207057
0.041053589803287
0.040867695969997
0.040682643878378
0.040498429716957
0.040315049691523
0.040132500025043
0.039950776957587
0.039769876746251
0.039589795665078
0.039410530004985
0.039232076073680
0.039054430195594
0.038877588711799
0.038701547979934
0.038526304374135
0.038351854284950
0.038178194119277
0.038005320300281
0.037833229267321
0.037661917475884
0.037491381397503
0.037321617519689
0.037152622345858
0.036984392395259
0.036816924202902
0.036650214319486
0.036484259311331
0.036319055760302
0.036154600263744
0.035990889434407
0.035827919900381
0.035665688305024
0.035504191306891
0.035343425579671
0.035183387812111
0.035024074707954
0.034865482985867
0.034707609379378
0.034550450636803
0.034394003521182
0.034238264810214
0.034083231296188
0.033928899785917
0.033775267100674
0.033622330076126
0.033470085562266
0.033318530423352
0.033167661537843
0.033017475798328
0.032867970111470
0.032719141397938
0.032570986592344
0.032423502643181
0.032276686512760
0.032130535177144
0.031985045626092
0.031840214862993
0.031696039904802
0.031552517781985
0.031409645538453
0.031267420231502
0.031125838931752
0.030984898723091
0.030844596702606
0.030704929980534
0.030565895680193
0.030427490937929
0.030289712903054
0.030152558737789
0.030016025617204
0.029880110729160
0.029744811274253
0.029610124465753
0.029476047529551
0.029342577704097
0.029209712240347
0.029077448401704
0.028945783463963
0.028814714715255
0.028684239455989
0.028554354998799
0.028425058668488
0.028296347801972
0.028168219748225
0.028040671868227
0.027913701534904
0.027787306133082
0.027661483059425
0.027536229722388
0.027411543542159
0.027287421950609
0.027163862391235
0.027040862319113
0.026918419200841
0.026796530514489
0.026675193749546
0.026554406406870
0.026434165998634
0.026314470048275
0.026195316090448
0.026076701670968
0.025958624346763
0.025841081685824
0.025724071267155
0.025607590680722
0.025491637527402
0.025376209418939
0.025261303977888
0.025146918837571
0.025033051642026
0.024919700045959
0.024806861714695
0.024694534324132
0.024582715560690
0.024471403121267
0.024360594713189
0.024250288054162
0.024140480872227
0.024031170905715
0.023922355903194
0.023814033623430
0.023706201835336
0.023598858317927
0.023492000860276
0.023385627261468
0.023279735330551
0.023174322886496
0.023069387758149
0.022964927784189
0.022860940813078
0.022757424703024
0.022654377321932
0.022551796547359
0.022449680266477
0.022348026376020
0.022246832782251
0.022146097400909
0.022045818157174
0.021945992985618
0.021846619830169
0.021747696644061
0.021649221389800
0.021551192039114
0.021453606572919
0.021356462981270
0.021259759263326
0.021163493427304
0.021067663490441
0.020972267478952
0.020877303427989
0.020782769381602
0.020688663392696
0.020594983522994
0.020501727842996
0.020408894431937
0.020316481377752
0.020224486777031
0.020132908734985
0.020041745365404
0.019950994790619
0.019860655141463
0.019770724557233
0.019681201185651
0.019592083182828
0.019503368713222
0.019415055949602
0.019327143073015
0.019239628272739
0.019152509746255
0.019065785699204
0.018979454345353
0.018893513906557
0.018807962612721
0.018722798701768
0.018638020419598
0.018553626020054
0.018469613764885
0.018385981923712
0.018302728773992
0.018219852600979
0.018137351697695
0.018055224364888
0.017973468911004
0.017892083652145
0.017811066912039
0.017730417022005
0.017650132320918
0.017570211155174
0.017490651878656
0.017411452852702
0.017332612446070
0.017254129034903
0.017176001002699
0.017098226740274
0.017020804645731
0.016943733124427
0.016867010588938
0.016790635459031
0.016714606161625
0.016638921130765
0.016563578807585
0.016488577640277
0.016413916084062
0.016339592601155
0.016265605660732
0.016191953738905
0.016118635318682
0.016045648889943
0.015972992949404
0.015900666000590
0.015828666553800
0.015756993126079
0.015685644241189
0.015614618429574
0.015543914228333
0.015473530181190
0.015403464838461
0.015333716757030
0.015264284500312
0.015195166638228
0.015126361747175
0.015057868409996
0.014989685215952
0.014921810760689
0.014854243646215
0.014786982480866
0.014720025879282
0.014653372462375
0.014587020857300
0.014520969697430
0.014455217622326
0.014389763277709
0.014324605315433
0.014259742393454
0.014195173175809
0.014130896332580
0.014066910539875
0.014003214479793
0.013939806840403
0.013876686315713
0.013813851605646
0.013751301416012
0.013689034458480
0.013627049450552
0.013565345115539
0.013503920182533
0.013442773386380
0.013381903467654
0.013321309172633
0.013260989253271
0.013200942467175
0.013141167577575
0.013081663353304
0.013022428568767
0.012963462003922
0.012904762444247
0.012846328680723
0.012788159509806
0.012730253733397
0.012672610158828
0.012615227598828
0.012558104871502
0.012501240800309
0.012444634214033
0.012388283946762
0.012332188837864
0.012276347731963
0.012220759478913
0.012165422933777
0.012110336956801
0.012055500413395
0.012000912174103
0.011946571114585
0.011892476115592
0.011838626062943
0.011785019847502
0.011731656365154
0.011678534516787
0.011625653208262
0.011573011350397
0.011520607858939
0.011468441654549
0.011416511662771
0.011364816814017
0.011313356043540
0.011262128291417
0.011211132502521
0.011160367626507
0.011109832617781
0.011059526435488
0.011009448043483
0.010959596410314
0.010909970509200
0.010860569318009
0.010811391819237
0.010762436999987
0.010713703851949
0.010665191371378
0.010616898559076
0.010568824420366
0.010520967965079
0.010473328207527
0.010425904166486
0.010378694865175
0.010331699331235
0.010284916596712
0.010238345698032
0.010191985675988
0.010145835575713
0.010099894446666
0.010054161342607
0.010008635321585
0.009963315445911
0.009918200782144
0.009873290401066
0.009828583377672
0.009784078791141
0.009739775724824
0.009695673266221
0.009651770506965
0.009608066542803
0.009564560473574
0.009521251403195
0.009478138439641
0.009435220694923
0.009392497285076
0.009349967330137
0.009307629954127
0.009265484285034
0.009223529454793
0.009181764599273
0.009140188858251
0.009098801375405
0.009057601298285
0.009016587778304
0.008975759970717
0.008935117034604
0.008894658132853
0.008854382432142
0.008814289102921
0.008774377319400
0.008734646259525
0.008695095104965
0.008655723041095
0.008616529256979
0.008577512945353
0.008538673302606
0.008500009528768
0.008461520827493
0.008423206406036
0.008385065475247
0.008347097249545
0.008309300946909
0.008271675788858
0.008234221000436
0.008196935810195
0.008159819450183
0.008122871155923
0.008086090166400
0.008049475724046
0.008013027074721
0.007976743467703
0.007940624155667
0.007904668394672
0.007868875444147
0.007833244566873
0.007797775028970
0.007762466099881
0.007727317052357
0.007692327162442
0.007657495709457
0.007622821975988
0.007588305247869
0.007553944814168
0.007519739967171
0.007485690002369
0.007451794218445
0.007418051917254
0.007384462403816
0.007351024986295
0.007317738975990
0.007284603687317
0.007251618437796
0.007218782548039
0.007186095341734
0.007153556145629
0.007121164289524
0.007088919106251
0.007056819931665
0.007024866104627
0.006993056966991
0.006961391863594
0.006929870142236
0.006898491153674
0.006867254251601
0.006836158792640
0.006805204136324
0.006774389645089
0.006743714684256
0.006713178622020
0.006682780829439
0.006652520680416
0.006622397551691
0.006592410822825
0.006562559876189
0.006532844096951
0.006503262873062
0.006473815595246
0.006444501656983
0.006415320454502
0.006386271386766
0.006357353855457
0.006328567264969
0.006299911022392
0.006271384537500
0.006242987222740
0.006214718493220
0.006186577766697
0.006158564463561
0.006130678006832
0.006102917822137
0.006075283337708
0.006047773984365
0.006020389195503
0.005993128407086
0.005965991057629
0.005938976588192
0.005912084442364
0.005885314066254
0.005858664908481
0.005832136420157
0.005805728054882
0.005779439268730
0.005753269520237
0.005727218270391
0.005701284982622
0.005675469122788
0.005649770159166
0.005624187562441
0.005598720805695
0.005573369364395
0.005548132716384
0.005523010341869
0.005498001723412
0.005473106345915
0.005448323696615
0.005423653265070
0.005399094543149
0.005374647025022
0.005350310207150
0.005326083588274
0.005301966669404
0.005277958953810
0.005254059947012
0.005230269156766
0.005206586093060
0.005183010268101
0.005159541196303
0.005136178394278
0.005112921380831
0.005089769676941
0.005066722805758
0.005043780292593
0.005020941664904
0.004998206452289
0.004975574186477
0.004953044401318
0.004930616632770
0.004908290418894
0.004886065299843
0.004863940817853
0.004841916517230
0.004819991944345
0.004798166647624
0.004776440177536
0.004754812086587
0.004733281929309
0.004711849262249
0.004690513643966
0.004669274635014
0.004648131797939
0.004627084697268
0.004606132899497
0.004585275973090
0.004564513488460
0.004543845017968
0.004523270135911
0.004502788418513
0.004482399443916
0.004462102792176
0.004441898045246
0.004421784786975
0.004401762603094
0.004381831081213
0.004361989810805
0.004342238383206
0.004322576391601
0.004303003431016
0.004283519098312
0.004264122992175
0.004244814713109
0.004225593863425
0.004206460047237
0.004187412870450
0.004168451940754
0.004149576867616
0.004130787262270
0.004112082737713
0.004093462908690
0.004074927391696
0.004056475804957
0.004038107768432
0.004019822903798
0.004001620834447
0.003983501185476
0.003965463583678
0.003947507657537
0.003929633037220
0.003911839354568
0.003894126243089
0.003876493337950
0.003858940275971
0.003841466695616
0.003824072236985
0.003806756541810
0.003789519253443
0.003772360016853
0.003755278478614
0.003738274286904
0.003721347091489
0.003704496543727
0.003687722296549
0.003671024004461
0.003654401323533
0.003637853911391
0.003621381427212
0.003604983531718
0.003588659887163
0.003572410157335
0.003556234007542
0.003540131104608
0.003524101116865
0.003508143714147
0.003492258567785
0.003476445350595
0.003460703736877
0.003445033402405
0.003429434024421
0.003413905281628
0.003398446854184
0.003383058423697
0.003367739673215
0.003352490287221
0.003337309951627
0.003322198353769
0.003307155182395
0.003292180127667
0.003277272881145
0.003262433135790
0.003247660585951
0.003232954927362
0.003218315857133
0.003203743073748
0.003189236277054
0.003174795168258
0.003160419449922
0.003146108825951
0.003131863001594
0.003117681683432
0.003103564579377
0.003089511398662
0.003075521851838
0.003061595650764
0.003047732508608
0.003033932139832
0.003020194260195
0.003006518586741
0.002992904837794
0.002979352732958
0.002965861993101
0.002952432340358
0.002939063498123
0.002925755191041
0.002912507145004
0.002899319087145
0.002886190745833
0.002873121850667
0.002860112132470
0.002847161323285
0.002834269156366
0.002821435366177
0.002808659688384
0.002795941859849
0.002783281618627
0.002770678703957
0.002758132856260
0.002745643817133
0.002733211329343
0.002720835136819
0.002708514984654
0.002696250619091
0.002684041787526
0.002671888238495
0.002659789721675
0.002647745987876
0.002635756789036
0.002623821878217
0.002611941009598
0.002600113938472
0.002588340421239
0.002576620215405
0.002564953079570
0.002553338773429
0.002541777057766
0.002530267694446
0.002518810446415
0.002507405077690
0.002496051353357
0.002484749039568
0.002473497903530
0.002462297713508
0.002451148238813
0.002440049249803
0.002429000517874
0.002418001815459
0.002407052916020
0.002396153594046
0.002385303625045
0.002374502785544
0.002363750853081
0.002353047606200
0.002342392824450
0.002331786288377
0.002321227779520
0.002310717080409
0.002300253974557
0.002289838246459
0.002279469681584
0.002269148066373
0.002258873188235
0.002248644835542
0.002238462797621
0.002228326864756
0.002218236828180
0.002208192480070
0.002198193613547
0.002188240022666
0.002178331502414
0.002168467848710
0.002158648858393
0.002148874329225
0.002139144059881
0.002129457849951
0.002119815499929
0.002110216811215
0.002100661586106
0.002091149627796
0.002081680740370
0.002072254728800
0.002062871398939
0.002053530557523
0.002044232012160
0.002034975571331
0.002025761044382
0.002016588241524
0.002007456973828
0.001998367053220
0.001989318292475
0.001980310505220
0.001971343505923
0.001962417109893
0.001953531133276
0.001944685393049
0.001935879707018
0.001927113893815
0.001918387772894
0.001909701164523
0.001901053889788
0.001892445770582
0.001883876629607
0.001875346290365
0.001866854577160
0.001858401315090
0.001849986330045
0.001841609448704
0.001833270498530
0.001824969307768
0.001816705705441
0.001808479521345
0.001800290586047
0.001792138730882
0.001784023787949
0.001775945590106
0.001767903970968
0.001759898764904
0.001751929807033
0.001743996933220
0.001736099980074
0.001728238784944
0.001720413185913
0.001712623021801
0.001704868132155
0.001697148357250
0.001689463538084
0.001681813516373
0.001674198134553
0.001666617235772
0.001659070663888
0.001651558263465
0.001644079879773
0.001636635358781
0.001629224547157
0.001621847292262
0.001614503442148
0.001607192845555
0.001599915351911
0.001592670811321
0.001585459074572
0.001578279993125
0.001571133419115
0.001564019205345
0.001556937205286
0.001549887273071
0.001542869263496
0.001535883032011
0.001528928434724
0.001522005328391
0.001515113570420
0.001508253018862
0.001501423532414
0.001494624970408
0.001487857192818
0.001481120060249
0.001474413433937
0.001467737175749
0.001461091148175
0.001454475214328
0.001447889237942
0.001441333083367
0.001434806615568
0.001428309700120
0.001421842203208
0.001415403991623
0.001408994932759
0.001402614894609
0.001396263745766
0.001389941355417
0.001383647593341
0.001377382329907
0.001371145436070
0.001364936783372
0.001358756243934
0.001352603690457
0.001346478996219
0.001340382035070
0.001334312681434
0.001328270810301
0.001322256297228
0.001316269018336
0.001310308850306
0.001304375670379
0.001298469356349
0.001292589786567
0.001286736839933
0.001280910395893
0.001275110334444
0.001269336536122
0.001263588882005
0.001257867253712
0.001252171533394
0.001246501603739
0.001240857347965
0.001235238649817
0.001229645393570
0.001224077464020
0.001218534746487
0.001213017126807
0.001207524491337
0.001202056726945
0.001196613721014
0.001191195361435
0.001185801536608
0.001180432135437
0.001175087047331
0.001169766162197
0.001164469370443
0.001159196562973
0.001153947631183
0.001148722466962
0.001143520962690
0.001138343011231
0.001133188505938
0.001128057340644
0.001122949409663
0.001117864607790
0.001112802830293
0.001107763972917
0.001102747931876
0.001097754603859
0.001092783886017
0.001087835675970
0.001082909871801
0.001078006372055
0.001073125075736
0.001068265882304
0.001063428691677
0.001058613404223
0.001053819920763
0.001049048142568
0.001044297971354
0.001039569309283
0.001034862058960
0.001030176123431
0.001025511406180
0.001020867811131
0.001016245242640
0.001011643605496
0.001007062804922
0.001002502746568
0.000997963336510
0.000993444481253
0.000988946087723
0.000984468063267
0.000980010315652
0.000975572753063
0.000971155284102
0.000966757817782
0.000962380263530
0.000958022531183
0.000953684530985
0.000949366173588
0.000945067370047
0.000940788031822
0.000936528070771
0.000932287399155
0.000928065929627
0.000923863575240
0.000919680249440
0.000915515866062
0.000911370339335
0.000907243583874
0.000903135514681
0.000899046047144
0.000894975097032
0.000890922580497
0.000886888414072
0.000882872514664
0.000878874799559
0.000874895186418
0.000870933593274
0.000866989938530
0.000863064140960
0.000859156119705
0.000855265794273
0.000851393084536
0.000847537910728
0.000843700193446
0.000839879853645
0.000836076812639
0.000832290992096
0.000828522314042
0.000824770700854
0.000821036075262
0.000817318360342
0.000813617479524
0.000809933356581
0.000806265915632
0.000802615081139
0.000798980777908
0.000795362931083
0.000791761466149
0.000788176308926
0.000784607385573
0.000781054622582
0.000777517946776
0.000773997285312
0.000770492565676
0.000767003715682
0.000763530663470
0.000760073337508
0.000756631666586
0.000753205579816
0.000749795006632
0.000746399876788
0.000743020120354
0.000739655667720
0.000736306449587
0.000732972396973
0.000729653441208
0.000726349513931
0.000723060547093
0.000719786472952
0.000716527224071
0.000713282733322
0.000710052933879
0.000706837759217
0.000703637143115
0.000700451019650
0.000697279323200
0.000694121988436
0.000690978950329
0.000687850144141
0.000684735505430
0.000681634970045
0.000678548474123
0.000675475954095
0.000672417346675
0.000669372588866
0.000666341617956
0.000663324371517
0.000660320787404
0.000657330803752
0.000654354358977
0.000651391391775
0.000648441841118
0.000645505646254
0.000642582746709
0.000639673082278
0.000636776593034
0.000633893219317
0.000631022901739
0.000628165581182
0.000625321198794
0.000622489695989
0.000619671014448
0.000616865096115
0.000614071883198
0.000611291318165
0.000608523343746
0.000605767902930
0.000603024938963
0.000600294395349
0.000597576215847
0.000594870344474
0.000592176725495
0.000589495303431
0.000586826023055
0.000584168829386
0.000581523667696
0.000578890483503
0.000576269222572
0.000573659830914
0.000571062254783
0.000568476440678
0.000565902335339
0.000563339885748
0.000560789039128
0.000558249742939
0.000555721944879
0.000553205592885
0.000550700635127
0.000548207020012
0.000545724696180
0.000543253612502
0.000540793718082
0.000538344962254
0.000535907294583
0.000533480664859
0.000531065023103
0.000528660319560
0.000526266504700
0.000523883529220
0.000521511344037
0.000519149900292
0.000516799149347
0.000514459042785
0.000512129532406
0.000509810570231
0.000507502108496
0.000505204099654
0.000502916496374
0.000500639251540
0.000498372318246
0.000496115649801
0.000493869199726
0.000491632921751
0.000489406769816
0.000487190698069
0.000484984660866
0.000482788612771
0.000480602508552
0.000478426303181
0.000476259951837
0.000474103409900
0.000471956632952
0.000469819576776
0.000467692197355
0.000465574450874
0.000463466293712
0.000461367682449
0.000459278573861
0.000457198924918
0.000455128692787
0.000453067834826
0.000451016308591
0.000448974071825
0.000446941082465
0.000444917298638
0.000442902678661
0.000440897181040
0.000438900764467
0.000436913387822
0.000434935010173
0.000432965590772
0.000431005089053
0.000429053464639
0.000427110677331
0.000425176687114
0.000423251454154
0.000421334938799
0.000419427101573
0.000417527903183
0.000415637304509
0.000413755266613
0.000411881750730
0.000410016718272
0.000408160130825
0.000406311950150
0.000404472138180
0.000402640657022
0.000400817468951
0.000399002536418
0.000397195822039
0.000395397288604
0.000393606899066
0.000391824616552
0.000390050404350
0.000388284225919
0.000386526044880
0.000384775825022
0.000383033530294
0.000381299124812
0.000379572572852
0.000377853838853
0.000376142887414
0.000374439683296
0.000372744191419
0.000371056376860
0.000369376204855
0.000367703640800
0.000366038650244
0.000364381198895
0.000362731252613
0.000361088777416
0.000359453739474
0.000357826105111
0.000356205840801
0.000354592913174
0.000352987289008
0.000351388935233
0.000349797818927
0.000348213907319
0.000346637167786
0.000345067567851
0.000343505075186
0.000341949657609
0.000340401283084
0.000338859919718
0.000337325535764
0.000335798099620
0.000334277579825
0.000332763945062
0.000331257164154
0.000329757206066
0.000328264039905
0.000326777634916
0.000325297960484
0.000323824986132
0.000322358681522
0.000320899016453
0.000319445960860
0.000317999484815
0.000316559558526
0.000315126152335
0.000313699236718
0.000312278782285
0.000310864759780
0.000309457140079
0.000308055894188
0.000306660993248
0.000305272408526
0.000303890111424
0.000302514073470
0.000301144266323
0.000299780661768
0.000298423231721
0.000297071948222
0.000295726783439
0.000294387709666
0.000293054699323
0.000291727724954
0.000290406759228
0.000289091774937
0.000287782744997
0.000286479642445
0.000285182440443
0.000283891112272
0.000282605631335
0.000281325971155
0.000280052105375
0.000278784007758
0.000277521652186
0.000276265012657
0.000275014063290
0.000273768778317
0.000272529132092
0.000271295099081
0.000270066653867
0.000268843771148
0.000267626425736
0.000266414592559
0.000265208246656
0.000264007363181
0.000262811917399
0.000261621884689
0.000260437240538
0.000259257960548
0.000258084020429
0.000256915396002
0.000255752063197
0.000254593998053
0.000253441176717
0.000252293575446
0.000251151170602
0.000250013938655
0.000248881856183
0.000247754899868
0.000246633046499
0.000245516272968
0.000244404556275
0.000243297873520
0.000242196201911
0.000241099518757
0.000240007801468
0.000238921027560
0.000237839174648
0.000236762220450
0.000235690142784
0.000234622919569
0.000233560528823
0.000232502948665
0.000231450157311
0.000230402133078
0.000229358854380
0.000228320299729
0.000227286447734
0.000226257277101
0.000225232766631
0.000224212895225
0.000223197641875
0.000222186985671
0.000221180905797
0.000220179381530
0.000219182392243
0.000218189917400
0.000217201936560
0.000216218429374
0.000215239375585
0.000214264755027
0.000213294547626
0.000212328733400
0.000211367292455
0.000210410204990
0.000209457451290
0.000208509011733
0.000207564866783
0.000206624996996
0.000205689383011
0.000204758005559
0.000203830845456
0.000202907883606
0.000201989100998
0.000201074478709
0.000200163997901
0.000199257639821
0.000198355385800
0.000197457217255
0.000196563115686
0.000195673062679
0.000194787039901
0.000193905029103
0.000193027012117
0.000192152970861
0.000191282887331
0.000190416743607
0.000189554521848
0.000188696204297
0.000187841773274
0.000186991211180
0.000186144500498
0.000185301623787
0.000184462563687
0.000183627302916
0.000182795824271
0.000181968110626
0.000181144144931
0.000180323910218
0.000179507389590
0.000178694566232
0.000177885423400
0.000177079944430
0.000176278112731
0.000175479911787
0.000174685325160
0.000173894336482
0.000173106929463
0.000172323087883
0.000171542795598
0.000170766036538
0.000169992794703
0.000169223054166
0.000168456799075
0.000167694013645
0.000166934682167
0.000166178789001
0.000165426318578
0.000164677255399
0.000163931584036
0.000163189289131
0.000162450355394
0.000161714767607
0.000160982510618
0.000160253569346
0.000159527928776
0.000158805573963
0.000158086490028
0.000157370662161
0.000156658075618
0.000155948715722
0.000155242567863
0.000154539617495
0.000153839850142
0.000153143251389
0.000152449806889
0.000151759502360
0.000151072323583
0.000150388256405
0.000149707286736
0.000149029400550
0.000148354583886
0.000147682822843
0.000147014103587
0.000146348412343
0.000145685735400
0.000145026059110
0.000144369369886
0.000143715654201
0.000143064898591
0.000142417089653
0.000141772214044
0.000141130258482
0.000140491209745
0.000139855054669
0.000139221780153
0.000138591373153
0.000137963820685
0.000137339109822
0.000136717227699
0.000136098161507
0.000135481898494
0.000134868425968
0.000134257731292
0.000133649801890
0.000133044625239
0.000132442188874
0.000131842480389
0.000131245487429
0.000130651197700
0.000130059598961
0.000129470679027
0.000128884425768
0.000128300827109
0.000127719871030
0.000127141545565
0.000126565838802
0.000125992738885
0.000125422234008
0.000124854312421
0.000124288962427
0.000123726172382
0.000123165930694
0.000122608225823
0.000122053046284
0.000121500380640
0.000120950217509
0.000120402545559
0.000119857353511
0.000119314630134
0.000118774364250
0.000118236544733
0.000117701160503
0.000117168200535
0.000116637653851
0.000116109509524
0.000115583756675
0.000115060384475
0.000114539382145
0.000114020738955
0.000113504444220
0.000112990487309
0.000112478857634
0.000111969544657
0.000111462537890
0.000110957826888
0.000110455401257
0.000109955250648
0.000109457364759
0.000108961733337
0.000108468346171
0.000107977193102
0.000107488264011
0.000107001548829
0.000106517037531
0.000106034720138
0.000105554586715
0.000105076627374
0.000104600832269
0.000104127191602
0.000103655695616
0.000103186334601
0.000102719098888
0.000102253978855
0.000101790964922
0.000101330047551
0.000100871217250
0.000100414464568
0.000099959780098
0.000099507154474
0.000099056578374
0.000098608042517
0.000098161537666
0.000097717054623
0.000097274584234
0.000096834117385
0.000096395645004
0.000095959158060
0.000095524647562
0.000095092104562
0.000094661520150
0.000094232885457
0.000093806191655
0.000093381429957
0.000092958591611
0.000092537667911
0.000092118650186
0.000091701529805
0.000091286298178
0.000090872946752
0.000090461467013
0.000090051850486
0.000089644088735
0.000089238173360
0.000088834096002
0.000088431848337
0.000088031422081
0.000087632808986
0.000087236000841
0.000086840989475
0.000086447766751
0.000086056324570
0.000085666654869
0.000085278749623
0.000084892600842
0.000084508200572
0.000084125540897
0.000083744613934
0.000083365411838
0.000082987926798
0.000082612151040
0.000082238076824
0.000081865696445
0.000081495002233
0.000081125986553
0.000080758641804
0.000080392960421
0.000080028934872
0.000079666557658
0.000079305821317
0.000078946718418
0.000078589241564
0.000078233383393
0.000077879136576
0.000077526493816
0.000077175447849
0.000076825991446
0.000076478117408
0.000076131818571
0.000075787087802
0.000075443918000
0.000075102302098
0.000074762233059
0.000074423703879
0.000074086707586
0.000073751237238
0.000073417285925
0.000073084846770
0.000072753912925
0.000072424477574
0.000072096533932
0.000071770075244
0.000071445094787
0.000071121585866
0.000070799541818
0.000070478956011
0.000070159821841
0.000069842132736
0.000069525882151
0.000069211063573
0.000068897670519
0.000068585696532
0.000068275135188
0.000067965980089
0.000067658224869
0.000067351863188
0.000067046888737
0.000066743295233
0.000066441076425
0.000066140226087
0.000065840738022
0.000065542606062
0.000065245824067
0.000064950385924
0.000064656285548
0.000064363516881
0.000064072073893
0.000063781950581
0.000063493140971
0.000063205639112
0.000062919439084
0.000062634534993
0.000062350920969
0.000062068591171
0.000061787539784
0.000061507761020
0.000061229249116
0.000060951998335
0.000060676002967
0.000060401257328
0.000060127755758
0.000059855492624
0.000059584462319
0.000059314659260
0.000059046077891
0.000058778712678
0.000058512558116
0.000058247608723
0.000057983859040
0.000057721303637
0.000057459937105
0.000057199754061
0.000056940749146
0.000056682917025
0.000056426252388
0.000056170749948
0.000055916404443
0.000055663210634
0.000055411163307
0.000055160257269
0.000054910487353
0.000054661848415
0.000054414335333
0.000054167943010
0.000053922666370
0.000053678500361
0.000053435439955
0.000053193480146
0.000052952615949
0.000052712842404
0.000052474154572
0.000052236547538
0.000052000016406
0.000051764556305
0.000051530162386
0.000051296829821
0.000051064553804
0.000050833329551
0.000050603152299
0.000050374017307
0.000050145919856
0.000049918855249
0.000049692818807
0.000049467805876
0.000049243811821
0.000049020832028
0.000048798861905
0.000048577896880
0.000048357932402
0.000048138963940
0.000047920986984
0.000047703997044
0.000047487989652
0.000047272960358
0.000047058904733
0.000046845818369
0.000046633696876
0.000046422535886
0.000046212331049
0.000046003078036
0.000045794772537
0.000045587410261
0.000045380986938
0.000045175498315
0.000044970940161
0.000044767308262
0.000044564598424
0.000044362806472
0.000044161928249
0.000043961959619
0.000043762896462
0.000043564734678
0.000043367470187
0.000043171098924
0.000042975616845
0.000042781019925
0.000042587304154
0.000042394465544
0.000042202500121
0.000042011403933
0.000041821173043
0.000041631803533
0.000041443291504
0.000041255633071
0.000041068824370
0.000040882861553
0.000040697740791
0.000040513458270
0.000040330010194
0.000040147392785
0.000039965602282
0.000039784634940
0.000039604487033
0.000039425154849
0.000039246634695
0.000039068922895
0.000038892015787
0.000038715909728
0.000038540601091
0.000038366086265
0.000038192361656
0.000038019423686
0.000037847268791
0.000037675893428
0.000037505294065
0.000037335467190
0.000037166409304
0.000036998116925
0.000036830586587
0.000036663814839
0.000036497798246
0.000036332533390
0.000036168016866
0.000036004245285
0.000035841215275
0.000035678923477
0.000035517366549
0.000035356541163
0.000035196444007
0.000035037071784
0.000034878421210
0.000034720489018
0.000034563271955
0.000034406766784
0.000034250970280
0.000034095879234
0.000033941490453
0.000033787800757
0.000033634806979
0.000033482505968
0.000033330894589
0.000033179969718
0.000033029728246
0.000032880167079
0.000032731283136
0.000032583073352
0.000032435534673
0.000032288664061
0.000032142458490
0.000031996914949
0.000031852030441
0.000031707801981
0.000031564226598
0.000031421301336
0.000031279023251
0.000031137389412
0.000030996396902
0.000030856042817
0.000030716324266
0.000030577238371
0.000030438782268
0.000030300953106
0.000030163748044
0.000030027164257
0.000029891198932
0.000029755849269
0.000029621112480
0.000029486985789
0.000029353466434
0.000029220551666
0.000029088238745
0.000028956524948
0.000028825407561
0.000028694883884
0.000028564951228
0.000028435606917
0.000028306848287
0.000028178672686
0.000028051077475
0.000027924060024
0.000027797617718
0.000027671747953
0.000027546448135
0.000027421715685
0.000027297548034
0.000027173942623
0.000027050896906
0.000026928408351
0.000026806474433
0.000026685092641
0.000026564260475
0.000026443975447
0.000026324235079
0.000026205036904
0.000026086378468
0.000025968257327
0.000025850671047
0.000025733617207
0.000025617093396
0.000025501097213
0.000025385626271
0.000025270678189
0.000025156250602
0.000025042341151
0.000024928947492
0.000024816067287
0.000024703698213
0.000024591837955
0.000024480484209
0.000024369634681
0.000024259287088
0.000024149439158
0.000024040088627
0.000023931233245
0.000023822870768
0.000023714998964
0.000023607615613
0.000023500718501
0.000023394305428
0.000023288374202
0.000023182922641
0.000023077948572
0.000022973449834
0.000022869424274
0.000022765869750
0.000022662784130
0.000022560165288
0.000022458011113
0.000022356319500
0.000022255088354
0.000022154315591
0.000022053999135
0.000021954136919
0.000021854726887
0.000021755766992
0.000021657255194
0.000021559189466
0.000021461567787
0.000021364388146
0.000021267648542
0.000021171346983
0.000021075481485
0.000020980050073
0.000020885050782
0.000020790481655
0.000020696340744
0.000020602626111
0.000020509335824
0.000020416467964
0.000020324020616
0.000020231991877
0.000020140379851
0.000020049182652
0.000019958398401
0.000019868025227
0.000019778061271
0.000019688504678
0.000019599353604
0.000019510606214
0.000019422260678
0.000019334315178
0.000019246767902
0.000019159617047
0.000019072860817
0.000018986497427
0.000018900525096
0.000018814942055
0.000018729746541
0.000018644936798
0.000018560511081
0.000018476467650
0.000018392804773
0.000018309520729
0.000018226613802
0.000018144082283
0.000018061924474
0.000017980138681
0.000017898723221
0.000017817676417
0.000017736996598
0.000017656682104
0.000017576731281
0.000017497142481
0.000017417914065
0.000017339044401
0.000017260531866
0.000017182374841
0.000017104571717
0.000017027120892
0.000016950020770
0.000016873269764
0.000016796866292
0.000016720808781
0.000016645095664
0.000016569725382
0.000016494696383
0.000016420007120
0.000016345656057
0.000016271641661
0.000016197962407
0.000016124616779
0.000016051603266
0.000015978920364
0.000015906566575
0.000015834540410
0.000015762840385
0.000015691465023
0.000015620412855
0.000015549682416
0.000015479272250
0.000015409180907
0.000015339406942
0.000015269948920
0.000015200805409
0.000015131974985
0.000015063456231
0.000014995247735
0.000014927348092
0.000014859755904
0.000014792469779
0.000014725488330
0.000014658810179
0.000014592433951
0.000014526358281
0.000014460581806
0.000014395103172
0.000014329921030
0.000014265034038
0.000014200440859
0.000014136140164
0.000014072130626
0.000014008410929
0.000013944979760
0.000013881835812
0.000013818977785
0.000013756404383
0.000013694114319
0.000013632106309
0.000013570379076
0.000013508931349
0.000013447761862
0.000013386869355
0.000013326252574
0.000013265910271
0.000013205841202
0.000013146044130
0.000013086517825
0.000013027261059
0.000012968272612
0.000012909551270
0.000012851095822
0.000012792905065
0.000012734977800
0.000012677312835
0.000012619908981
0.000012562765056
0.000012505879883
0.000012449252290
0.000012392881112
0.000012336765187
0.000012280903359
0.000012225294478
0.000012169937398
0.000012114830979
0.000012059974086
0.000012005365590
0.000011951004365
0.000011896889292
0.000011843019256
0.000011789393148
0.000011736009863
0.000011682868301
0.000011629967369
0.000011577305976
0.000011524883039
0.000011472697476
0.000011420748213
0.000011369034181
0.000011317554314
0.000011266307552
0.000011215292839
0.000011164509125
0.000011113955363
0.000011063630513
0.000011013533537
0.000010963663404
0.000010914019088
0.000010864599564
0.000010815403816
0.000010766430830
0.000010717679598
0.000010669149115
0.000010620838381
0.000010572746403
0.000010524872189
0.000010477214752
0.000010429773113
0.000010382546293
0.000010335533319
0.000010288733224
0.000010242145043
0.000010195767818
0.000010149600591
0.000010103642414
0.000010057892339
0.000010012349424
0.000009967012730
0.000009921881325
0.000009876954278
0.000009832230664
0.000009787709563
0.000009743390056
0.000009699271231
0.000009655352180
0.000009611631998
0.000009568109784
0.000009524784642
0.000009481655680
0.000009438722009
0.000009395982745
0.000009353437007
0.000009311083920
0.000009268922611
0.000009226952212
0.000009185171858
0.000009143580689
0.000009102177847
0.000009060962481
0.000009019933742
0.000008979090783
0.000008938432765
0.000008897958849
0.000008857668203
0.000008817559995
0.000008777633401
0.000008737887597
0.000008698321766
0.000008658935091
0.000008619726763
0.000008580695973
0.000008541841917
0.000008503163795
0.000008464660811
0.000008426332172
0.000008388177087
0.000008350194772
0.000008312384443
0.000008274745323
0.000008237276636
0.000008199977609
0.000008162847476
0.000008125885470
0.000008089090832
0.000008052462802
0.000008016000627
0.000007979703556
0.000007943570840
0.000007907601736
0.000007871795503
0.000007836151404
0.000007800668703
0.000007765346672
0.000007730184581
0.000007695181706
0.000007660337328
0.000007625650727
0.000007591121190
0.000007556748006
0.000007522530466
0.000007488467865
0.000007454559503
0.000007420804680
0.000007387202702
0.000007353752876
0.000007320454514
0.000007287306929
0.000007254309439
0.000007221461364
0.000007188762028
0.000007156210757
0.000007123806881
0.000007091549732
0.000007059438645
0.000007027472961
0.000006995652019
0.000006963975165
0.000006932441746
0.000006901051113
0.000006869802619
0.000006838695621
0.000006807729478
0.000006776903552
0.000006746217208
0.000006715669814
0.000006685260741
0.000006654989363
0.000006624855056
0.000006594857199
0.000006564995175
0.000006535268369
0.000006505676167
0.000006476217962
0.000006446893146
0.000006417701114
0.000006388641267
0.000006359713004
0.000006330915732
0.000006302248855
0.000006273711784
0.000006245303931
0.000006217024712
0.000006188873542
0.000006160849844
0.000006132953039
0.000006105182552
0.000006077537813
0.000006050018251
0.000006022623300
0.000005995352396
0.000005968204976
0.000005941180482
0.000005914278356
0.000005887498046
0.000005860838999
0.000005834300666
0.000005807882501
0.000005781583960
0.000005755404500
0.000005729343582
0.000005703400671
0.000005677575231
0.000005651866731
0.000005626274641
0.000005600798434
0.000005575437585
0.000005550191572
0.000005525059874
0.000005500041976
0.000005475137360
0.000005450345514
0.000005425665927
0.000005401098092
0.000005376641502
0.000005352295653
0.000005328060043
0.000005303934175
0.000005279917550
0.000005256009675
0.000005232210056
0.000005208518204
0.000005184933630
0.000005161455849
0.000005138084378
0.000005114818734
0.000005091658438
0.000005068603015
0.000005045651988
0.000005022804885
0.000005000061236
0.000004977420571
0.000004954882425
0.000004932446334
0.000004910111835
0.000004887878469
0.000004865745777
0.000004843713303
0.000004821780594
0.000004799947198
0.000004778212666
0.000004756576549
0.000004735038402
0.000004713597781
0.000004692254246
0.000004671007355
0.000004649856672
0.000004628801761
0.000004607842188
0.000004586977522
0.000004566207333
0.000004545531192
0.000004524948675
0.000004504459357
0.000004484062816
0.000004463758633
0.000004443546388
0.000004423425666
0.000004403396052
0.000004383457134
0.000004363608501
0.000004343849743
0.000004324180455
0.000004304600232
0.000004285108668
0.000004265705365
0.000004246389920
0.000004227161938
0.000004208021022
0.000004188966777
0.000004169998811
0.000004151116733
0.000004132320155
0.000004113608690
0.000004094981951
0.000004076439556
0.000004057981122
0.000004039606269
0.000004021314619
0.000004003105795
0.000003984979422
0.000003966935127
0.000003948972537
0.000003931091284
0.000003913290998
0.000003895571313
0.000003877931865
0.000003860372289
0.000003842892225
0.000003825491311
0.000003808169190
0.000003790925505
0.000003773759901
0.000003756672024
0.000003739661522
0.000003722728045
0.000003705871244
0.000003689090773
0.000003672386284
0.000003655757434
0.000003639203882
0.000003622725285
0.000003606321304
0.000003589991602
0.000003573735842
0.000003557553690
0.000003541444811
0.000003525408875
0.000003509445550
0.000003493554509
0.000003477735424
0.000003461987969
0.000003446311819
0.000003430706652
0.000003415172147
0.000003399707983
0.000003384313842
0.000003368989407
0.000003353734362
0.000003338548393
0.000003323431188
0.000003308382434
0.000003293401822
0.000003278489044
0.000003263643791
0.000003248865760
0.000003234154644
0.000003219510141
0.000003204931950
0.000003190419770
0.000003175973302
0.000003161592249
0.000003147276315
0.000003133025204
0.000003118838623
0.000003104716280
0.000003090657885
0.000003076663147
0.000003062731778
0.000003048863491
0.000003035058001
0.000003021315023
0.000003007634275
0.000002994015474
0.000002980458340
0.000002966962594
0.000002953527958
0.000002940154155
0.000002926840909
0.000002913587947
0.000002900394995
0.000002887261782
0.000002874188037
0.000002861173491
0.000002848217876
0.000002835320925
0.000002822482372
0.000002809701953
0.000002796979405
0.000002784314466
0.000002771706874
0.000002759156371
0.000002746662697
0.000002734225596
0.000002721844811
0.000002709520087
0.000002697251170
0.000002685037808
0.000002672879749
0.000002660776742
0.000002648728539
0.000002636734891
0.000002624795552
0.000002612910274
0.000002601078814
0.000002589300928
0.000002577576373
0.000002565904907
0.000002554286291
0.000002542720285
0.000002531206651
0.000002519745151
0.000002508335550
0.000002496977612
0.000002485671105
0.000002474415793
0.000002463211447
0.000002452057835
0.000002440954727
0.000002429901895
0.000002418899111
0.000002407946149
0.000002397042782
0.000002386188787
0.000002375383939
0.000002364628017
0.000002353920798
0.000002343262062
0.000002332651590
0.000002322089163
0.000002311574564
0.000002301107575
0.000002290687982
0.000002280315569
0.000002269990124
0.000002259711433
0.000002249479285
0.000002239293468
0.000002229153774
0.000002219059993
0.000002209011918
0.000002199009341
0.000002189052056
0.000002179139859
0.000002169272545
0.000002159449911
0.000002149671755
0.000002139937874
0.000002130248070
0.000002120602142
0.000002110999891
0.000002101441120
0.000002091925632
0.000002082453231
0.000002073023721
0.000002063636909
0.000002054292602
0.000002044990606
0.000002035730730
0.000002026512784
0.000002017336577
0.000002008201921
0.000001999108627
0.000001990056508
0.000001981045378
0.000001972075051
0.000001963145343
0.000001954256069
0.000001945407046
0.000001936598092
0.000001927829026
0.000001919099667
0.000001910409835
0.000001901759351
0.000001893148038
0.000001884575717
0.000001876042212
0.000001867547348
0.000001859090949
0.000001850672841
0.000001842292851
0.000001833950806
0.000001825646535
0.000001817379866
0.000001809150630
0.000001800958655
0.000001792803775
0.000001784685821
0.000001776604625
0.000001768560022
0.000001760551845
0.000001752579930
0.000001744644113
0.000001736744229
0.000001728880117
0.000001721051614
0.000001713258559
0.000001705500791
0.000001697778152
0.000001690090481
0.000001682437620
0.000001674819412
0.000001667235700
0.000001659686328
0.000001652171140
0.000001644689981
0.000001637242697
0.000001629829136
0.000001622449143
0.000001615102568
0.000001607789258
0.000001600509064
0.000001593261835
0.000001586047422
0.000001578865677
0.000001571716451
0.000001564599597
0.000001557514969
0.000001550462420
0.000001543441806
0.000001536452982
0.000001529495804
0.000001522570129
0.000001515675814
0.000001508812716
0.000001501980695
0.000001495179610
0.000001488409321
0.000001481669689
0.000001474960574
0.000001468281838
0.000001461633344
0.000001455014955
0.000001448426535
0.000001441867947
0.000001435339058
0.000001428839731
0.000001422369834
0.000001415929234
0.000001409517796
0.000001403135391
0.000001396781885
0.000001390457148
0.000001384161051
0.000001377893462
0.000001371654254
0.000001365443297
0.000001359260464
0.000001353105628
0.000001346978661
0.000001340879437
0.000001334807831
0.000001328763718
0.000001322746973
0.000001316757472
0.000001310795093
0.000001304859711
0.000001298951205
0.000001293069453
0.000001287214335
0.000001281385729
0.000001275583515
0.000001269807574
0.000001264057787
0.000001258334035
0.000001252636201
0.000001246964168
0.000001241317817
0.000001235697034
0.000001230101702
0.000001224531707
0.000001218986932
0.000001213467265
0.000001207972591
0.000001202502798
0.000001197057772
0.000001191637402
0.000001186241575
0.000001180870182
0.000001175523110
0.000001170200250
0.000001164901493
0.000001159626729
0.000001154375849
0.000001149148746
0.000001143945312
0.000001138765439
0.000001133609021
0.000001128475951
0.000001123366125
0.000001118279436
0.000001113215780
0.000001108175053
0.000001103157150
0.000001098161969
0.000001093189407
0.000001088239361
0.000001083311729
0.000001078406409
0.000001073523301
0.000001068662305
0.000001063823319
0.000001059006245
0.000001054210983
0.000001049437434
0.000001044685500
0.000001039955083
0.000001035246086
0.000001030558411
0.000001025891963
0.000001021246645
0.000001016622361
0.000001012019016
0.000001007436516
0.000001002874765
0.000000998333670
0.000000993813138
0.000000989313076
0.000000984833389
0.000000980373987
0.000000975934778
0.000000971515670
0.000000967116572
0.000000962737393
0.000000958378044
0.000000954038434
0.000000949718474
0.000000945418075
0.000000941137149
0.000000936875607
0.000000932633361
0.000000928410325
0.000000924206412
0.000000920021533
0.000000915855605
0.000000911708540
0.000000907580253
0.000000903470659
0.000000899379674
0.000000895307213
0.000000891253193
0.000000887217529
0.000000883200140
0.000000879200941
0.000000875219851
0.000000871256788
0.000000867311670
0.000000863384415
0.000000859474944
0.000000855583175
0.000000851709028
0.000000847852423
0.000000844013282
0.000000840191524
0.000000836387072
0.000000832599847
0.000000828829770
0.000000825076765
0.000000821340753
0.000000817621659
0.000000813919405
0.000000810233915
0.000000806565113
0.000000802912923
0.000000799277272
0.000000795658082
0.000000792055281
0.000000788468793
0.000000784898545
0.000000781344464
0.000000777806476
0.000000774284508
0.000000770778488
0.000000767288343
0.000000763814002
0.000000760355393
0.000000756912445
0.000000753485087
0.000000750073248
0.000000746676858
0.000000743295848
0.000000739930146
0.000000736579685
0.000000733244396
0.000000729924208
0.000000726619055
0.000000723328867
0.000000720053578
0.000000716793120
0.000000713547425
0.000000710316427
0.000000707100059
0.000000703898256
0.000000700710950
0.000000697538076
0.000000694379570
0.000000691235366
0.000000688105398
0.000000684989604
0.000000681887918
0.000000678800277
0.000000675726616
0.000000672666874
0.000000669620986
0.000000666588891
0.000000663570524
0.000000660565826
0.000000657574732
0.000000654597183
0.000000651633116
0.000000648682471
0.000000645745187
0.000000642821203
0.000000639910458
0.000000637012894
0.000000634128451
0.000000631257068
0.000000628398687
0.000000625553249
0.000000622720696
0.000000619900968
0.000000617094008
0.000000614299759
0.000000611518162
0.000000608749161
0.000000605992697
0.000000603248715
0.000000600517158
0.000000597797970
0.000000595091095
0.000000592396476
0.000000589714059
0.000000587043788
0.000000584385608
0.000000581739465
0.000000579105304
0.000000576483070
0.000000573872710
0.000000571274170
0.000000568687396
0.000000566112336
0.000000563548935
0.000000560997142
0.000000558456904
0.000000555928168
0.000000553410882
0.000000550904995
0.000000548410454
0.000000545927209
0.000000543455208
0.000000540994401
0.000000538544737
0.000000536106164
0.000000533678634
0.000000531262096
0.000000528856500
0.000000526461797
0.000000524077937
0.000000521704872
0.000000519342552
0.000000516990928
0.000000514649953
0.000000512319578
0.000000509999756
0.000000507690437
0.000000505391576
0.000000503103124
0.000000500825034
0.000000498557259
0.000000496299753
0.000000494052470
0.000000491815362
0.000000489588384
0.000000487371490
0.000000485164634
0.000000482967771
0.000000480780855
0.000000478603842
0.000000476436687
0.000000474279345
0.000000472131771
0.000000469993922
0.000000467865753
0.000000465747221
0.000000463638281
0.000000461538891
0.000000459449007
0.000000457368587
0.000000455297586
0.000000453235964
0.000000451183676
0.000000449140682
0.000000447106938
0.000000445082403
0.000000443067035
0.000000441060793
0.000000439063636
0.000000437075522
0.000000435096410
0.000000433126260
0.000000431165031
0.000000429212682
0.000000427269174
0.000000425334466
0.000000423408518
0.000000421491292
0.000000419582747
0.000000417682844
0.000000415791543
0.000000413908807
0.000000412034596
0.000000410168871
0.000000408311595
0.000000406462728
0.000000404622234
0.000000402790073
0.000000400966208
0.000000399150602
0.000000397343217
0.000000395544016
0.000000393752963
0.000000391970019
0.000000390195148
0.000000388428314
0.000000386669481
0.000000384918611
0.000000383175670
0.000000381440621
0.000000379713428
0.000000377994057
0.000000376282470
0.000000374578634
0.000000372882513
0.000000371194072
0.000000369513277
0.000000367840092
0.000000366174483
0.000000364516417
0.000000362865858
0.000000361222774
0.000000359587129
0.000000357958891
0.000000356338025
0.000000354724499
0.000000353118279
0.000000351519332
0.000000349927625
0.000000348343126
0.000000346765801
0.000000345195619
0.000000343632546
0.000000342076552
0.000000340527603
0.000000338985667
0.000000337450714
0.000000335922711
0.000000334401627
0.000000332887430
0.000000331380090
0.000000329879576
0.000000328385855
0.000000326898899
0.000000325418675
0.000000323945154
0.000000322478306
0.000000321018099
0.000000319564504
0.000000318117491
0.000000316677031
0.000000315243092
0.000000313815647
0.000000312394666
0.000000310980119
0.000000309571976
0.000000308170211
0.000000306774792
0.000000305385692
0.000000304002882
0.000000302626333
0.000000301256018
0.000000299891907
0.000000298533974
0.000000297182189
0.000000295836525
0.000000294496954
0.000000293163449
0.000000291835982
0.000000290514526
0.000000289199054
0.000000287889538
0.000000286585952
0.000000285288269
0.000000283996461
0.000000282710503
0.000000281430368
0.000000280156030
0.000000278887462
0.000000277624638
0.000000276367532
0.000000275116118
0.000000273870371
0.000000272630265
0.000000271395774
0.000000270166873
0.000000268943536
0.000000267725739
0.000000266513456
0.000000265306663
0.000000264105334
0.000000262909444
0.000000261718970
0.000000260533886
0.000000259354169
0.000000258179793
0.000000257010735
0.000000255846970
0.000000254688475
0.000000253535226
0.000000252387199
0.000000251244370
0.000000250106716
0.000000248974214
0.000000247846839
0.000000246724570
0.000000245607382
0.000000244495252
0.000000243388159
0.000000242286078
0.000000241188988
0.000000240096866
0.000000239009689
0.000000237927434
0.000000236850080
0.000000235777605
0.000000234709986
0.000000233647201
0.000000232589228
0.000000231536046
0.000000230487633
0.000000229443967
0.000000228405027
0.000000227370791
0.000000226341239
0.000000225316348
0.000000224296098
0.000000223280468
0.000000222269437
0.000000221262984
0.000000220261088
0.000000219263729
0.000000218270885
0.000000217282538
0.000000216298666
0.000000215319249
0.000000214344266
0.000000213373699
0.000000212407526
0.000000211445729
0.000000210488286
0.000000209535179
0.000000208586387
0.000000207641892
0.000000206701673
0.000000205765712
0.000000204833989
0.000000203906485
0.000000202983181
0.000000202064057
0.000000201149095
0.000000200238277
0.000000199331582
0.000000198428993
0.000000197530492
0.000000196636058
0.000000195745675
0.000000194859323
0.000000193976985
0.000000193098642
0.000000192224277
0.000000191353870
0.000000190487405
0.000000189624864
0.000000188766228
0.000000187911479
0.000000187060602
0.000000186213577
0.000000185370387
0.000000184531016
0.000000183695445
0.000000182863658
0.000000182035637
0.000000181211366
0.000000180390827
0.000000179574003
0.000000178760878
0.000000177951435
0.000000177145657
0.000000176343528
0.000000175545031
0.000000174750149
0.000000173958867
0.000000173171168
0.000000172387035
0.000000171606453
0.000000170829406
0.000000170055877
0.000000169285851
0.000000168519312
0.000000167756243
0.000000166996630
0.000000166240456
0.000000165487707
0.000000164738365
0.000000163992417
0.000000163249847
0.000000162510639
0.000000161774778
0.000000161042250
0.000000160313038
0.000000159587128
0.000000158864505
0.000000158145154
0.000000157429061
0.000000156716210
0.000000156006587
0.000000155300177
0.000000154596966
0.000000153896939
0.000000153200081
0.000000152506379
0.000000151815819
0.000000151128385
0.000000150444064
0.000000149762842
0.000000149084704
0.000000148409637
0.000000147737626
0.000000147068659
0.000000146402721
0.000000145739798
0.000000145079877
0.000000144422944
0.000000143768986
0.000000143117989
0.000000142469939
0.000000141824824
0.000000141182630
0.000000140543345
0.000000139906953
0.000000139273444
0.000000138642803
0.000000138015018
0.000000137390075
0.000000136767962
0.000000136148666
0.000000135532174
0.000000134918474
0.000000134307553
0.000000133699398
0.000000133093997
0.000000132491337
0.000000131891406
0.000000131294191
0.000000130699681
0.000000130107863
0.000000129518724
0.000000128932253
0.000000128348438
0.000000127767267
0.000000127188726
0.000000126612806
0.000000126039494
0.000000125468777
0.000000124900645
0.000000124335085
0.000000123772086
0.000000123211636
0.000000122653724
0.000000122098339
0.000000121545468
0.000000120995101
0.000000120447226
0.000000119901831
0.000000119358907
0.000000118818440
0.000000118280421
0.000000117744838
0.000000117211680
0.000000116680937
0.000000116152597
0.000000115626649
0.000000115103082
0.000000114581887
0.000000114063051
0.000000113546565
0.000000113032417
0.000000112520597
0.000000112011095
0.000000111503901
0.000000110999002
0.000000110496390
0.000000109996054
0.000000109497983
0.000000109002168
0.000000108508598
0.000000108017262
0.000000107528152
0.000000107041256
0.000000106556565
0.000000106074069
0.000000105593757
0.000000105115620
0.000000104639649
0.000000104165832
0.000000103694161
0.000000103224626
0.000000102757217
0.000000102291924
0.000000101828739
0.000000101367650
0.000000100908650
0.000000100451727
0.000000099996874
0.000000099544081
0.000000099093337
0.000000098644635
0.000000098197964
0.000000097753316
0.000000097310682
0.000000096870052
0.000000096431416
0.000000095994768
0.000000095560096
0.000000095127392
0.000000094696648
0.000000094267854
0.000000093841002
0.000000093416083
0.000000092993088
0.000000092572008
0.000000092152834
0.000000091735559
0.000000091320174
0.000000090906669
0.000000090495036
0.000000090085268
0.000000089677355
0.000000089271289
0.000000088867061
0.000000088464664
0.000000088064090
0.000000087665329
0.000000087268373
0.000000086873215
0.000000086479847
0.000000086088259
0.000000085698445
0.000000085310396
0.000000084924104
0.000000084539561
0.000000084156759
0.000000083775691
0.000000083396348
0.000000083018723
0.000000082642808
0.000000082268595
0.000000081896076
0.000000081525244
0.000000081156092
0.000000080788611
0.000000080422793
0.000000080058633
0.000000079696121
0.000000079335251
0.000000078976015
0.000000078618405
0.000000078262415
0.000000077908037
0.000000077555263
0.000000077204087
0.000000076854501
0.000000076506498
0.000000076160070
0.000000075815212
0.000000075471914
0.000000075130172
0.000000074789977
0.000000074451322
0.000000074114200
0.000000073778606
0.000000073444530
0.000000073111968
0.000000072780911
0.000000072451354
0.000000072123288
0.000000071796708
0.000000071471607
0.000000071147978
0.000000070825815
0.000000070505110
0.000000070185857
0.000000069868050
0.000000069551682
0.000000069236747
0.000000068923238
0.000000068611148
0.000000068300471
0.000000067991202
0.000000067683332
0.000000067376857
0.000000067071769
0.000000066768063
0.000000066465732
0.000000066164770
0.000000065865171
0.000000065566928
0.000000065270036
0.000000064974488
0.000000064680279
0.000000064387402
0.000000064095850
0.000000063805619
0.000000063516703
0.000000063229094
0.000000062942788
0.000000062657778
0.000000062374059
0.000000062091624
0.000000061810469
0.000000061530586
0.000000061251971
0.000000060974617
0.000000060698519
0.000000060423672
0.000000060150069
0.000000059877704
0.000000059606574
0.000000059336670
0.000000059067989
0.000000058800525
0.000000058534272
0.000000058269224
0.000000058005376
0.000000057742723
0.000000057481260
0.000000057220980
0.000000056961879
0.000000056703951
0.000000056447192
0.000000056191594
0.000000055937154
0.000000055683867
0.000000055431726
0.000000055180727
0.000000054930864
0.000000054682133
0.000000054434528
0.000000054188044
0.000000053942677
0.000000053698420
0.000000053455269
0.000000053213220
0.000000052972266
0.000000052732404
0.000000052493627
0.000000052255932
0.000000052019313
0.000000051783766
0.000000051549285
0.000000051315866
0.000000051083503
0.000000050852193
0.000000050621931
0.000000050392711
0.000000050164528
0.000000049937380
0.000000049711259
0.000000049486163
0.000000049262086
0.000000049039023
0.000000048816971
0.000000048595924
0.000000048375878
0.000000048156828
0.000000047938770
0.000000047721700
0.000000047505612
0.000000047290503
0.000000047076368
0.000000046863202
0.000000046651002
0.000000046439763
0.000000046229480
0.000000046020149
0.000000045811767
0.000000045604327
0.000000045397827
0.000000045192262
0.000000044987628
0.000000044783921
0.000000044581136
0.000000044379269
0.000000044178316
0.000000043978273
0.000000043779136
0.000000043580901
0.000000043383563
0.000000043187119
0.000000042991565
0.000000042796896
0.000000042603108
0.000000042410198
0.000000042218161
0.000000042026994
0.000000041836692
0.000000041647253
0.000000041458671
0.000000041270943
0.000000041084065
0.000000040898033
0.000000040712843
0.000000040528492
0.000000040344976
0.000000040162291
0.000000039980433
0.000000039799399
0.000000039619184
0.000000039439785
0.000000039261199
0.000000039083421
0.000000038906448
0.000000038730277
0.000000038554903
0.000000038380324
0.000000038206534
0.000000038033532
0.000000037861314
0.000000037689875
0.000000037519212
0.000000037349322
0.000000037180201
0.000000037011847
0.000000036844254
0.000000036677420
0.000000036511342
0.000000036346016
0.000000036181438
0.000000036017606
0.000000035854516
0.000000035692164
0.000000035530547
0.000000035369662
0.000000035209505
0.000000035050074
0.000000034891364
0.000000034733373
0.000000034576098
0.000000034419535
0.000000034263680
0.000000034108532
0.000000033954086
0.000000033800339
0.000000033647289
0.000000033494931
0.000000033343263
0.000000033192282
0.000000033041985
0.000000032892369
0.000000032743429
0.000000032595165
0.000000032447571
0.000000032300646
0.000000032154386
0.000000032008789
0.000000031863850
0.000000031719568
0.000000031575940
0.000000031432961
0.000000031290631
0.000000031148944
0.000000031007899
0.000000030867493
0.000000030727723
0.000000030588585
0.000000030450078
0.000000030312197
0.000000030174942
0.000000030038307
0.000000029902291
0.000000029766891
0.000000029632105
0.000000029497928
0.000000029364359
0.000000029231395
0.000000029099033
0.000000028967270
0.000000028836104
0.000000028705532
0.000000028575551
0.000000028446159
0.000000028317353
0.000000028189130
0.000000028061487
0.000000027934422
0.000000027807933
0.000000027682017
0.000000027556670
0.000000027431892
0.000000027307678
0.000000027184027
0.000000027060935
0.000000026938401
0.000000026816422
0.000000026694995
0.000000026574118
0.000000026453789
0.000000026334004
0.000000026214761
0.000000026096059
0.000000025977894
0.000000025860264
0.000000025743167
0.000000025626600
0.000000025510560
0.000000025395047
0.000000025280056
0.000000025165586
0.000000025051634
0.000000024938198
0.000000024825276
0.000000024712866
0.000000024600964
0.000000024489569
0.000000024378678
0.000000024268289
0.000000024158401
0.000000024049010
0.000000023940114
0.000000023831711
0.000000023723799
0.000000023616376
0.000000023509439
0.000000023402987
0.000000023297016
0.000000023191526
0.000000023086513
0.000000022981975
0.000000022877911
0.000000022774318
0.000000022671194
0.000000022568537
0.000000022466345
0.000000022364616
0.000000022263347
0.000000022162537
0.000000022062183
0.000000021962284
0.000000021862837
0.000000021763840
0.000000021665292
0.000000021567190
0.000000021469532
0.000000021372316
0.000000021275541
0.000000021179203
0.000000021083302
0.000000020987836
0.000000020892801
0.000000020798197
0.000000020704021
0.000000020610272
0.000000020516947
0.000000020424044
0.000000020331563
0.000000020239500
0.000000020147854
0.000000020056623
0.000000019965805
0.000000019875398
0.000000019785401
0.000000019695811
0.000000019606627
0.000000019517846
0.000000019429468
0.000000019341490
0.000000019253910
0.000000019166727
0.000000019079939
0.000000018993543
0.000000018907539
0.000000018821924
0.000000018736697
0.000000018651856
0.000000018567399
0.000000018483324
0.000000018399630
0.000000018316315
0.000000018233378
0.000000018150815
0.000000018068627
0.000000017986811
0.000000017905365
0.000000017824288
0.000000017743579
0.000000017663234
0.000000017583254
0.000000017503635
0.000000017424378
0.000000017345479
0.000000017266937
0.000000017188751
0.000000017110919
0.000000017033439
0.000000016956311
0.000000016879531
0.000000016803099
0.000000016727014
0.000000016651272
0.000000016575874
0.000000016500817
0.000000016426100
0.000000016351722
0.000000016277680
0.000000016203973
0.000000016130600
0.000000016057560
0.000000015984850
0.000000015912469
0.000000015840416
0.000000015768690
0.000000015697288
0.000000015626209
0.000000015555453
0.000000015485016
0.000000015414899
0.000000015345099
0.000000015275615
0.000000015206446
0.000000015137590
0.000000015069046
0.000000015000812
0.000000014932887
0.000000014865270
0.000000014797959
0.000000014730953
0.000000014664250
0.000000014597849
0.000000014531749
0.000000014465948
0.000000014400445
0.000000014335239
0.000000014270328
0.000000014205711
0.000000014141386
0.000000014077353
0.000000014013609
0.000000013950155
0.000000013886987
0.000000013824106
0.000000013761509
0.000000013699196
0.000000013637165
0.000000013575415
0.000000013513944
0.000000013452752
0.000000013391837
0.000000013331198
0.000000013270833
0.000000013210742
0.000000013150922
0.000000013091374
0.000000013032095
0.000000012973085
0.000000012914342
0.000000012855865
0.000000012797652
0.000000012739704
0.000000012682017
0.000000012624592
0.000000012567427
0.000000012510521
0.000000012453872
0.000000012397480
0.000000012341343
0.000000012285461
0.000000012229831
0.000000012174454
0.000000012119327
0.000000012064449
0.000000012009821
0.000000011955439
0.000000011901304
0.000000011847414
0.000000011793768
0.000000011740365
0.000000011687204
0.000000011634283
0.000000011581602
0.000000011529160
0.000000011476955
0.000000011424986
0.000000011373253
0.000000011321754
0.000000011270488
0.000000011219455
0.000000011168652
0.000000011118080
0.000000011067736
0.000000011017621
0.000000010967732
0.000000010918069
0.000000010868631
0.000000010819417
0.000000010770426
0.000000010721657
0.000000010673108
0.000000010624780
0.000000010576670
0.000000010528778
0.000000010481103
0.000000010433643
0.000000010386399
0.000000010339369
0.000000010292551
0.000000010245946
0.000000010199551
0.000000010153367
0.000000010107392
0.000000010061625
0.000000010016065
0.000000009970711
0.000000009925563
0.000000009880620
0.000000009835879
0.000000009791342
0.000000009747006
0.000000009702871
0.000000009658935
0.000000009615199
0.000000009571660
0.000000009528319
0.000000009485174
0.000000009442225
0.000000009399470
0.000000009356908
0.000000009314539
0.000000009272362
0.000000009230376
0.000000009188580
0.000000009146974
0.000000009105556
0.000000009064325
0.000000009023281
0.000000008982423
0.000000008941750
0.000000008901261
0.000000008860955
0.000000008820832
0.000000008780891
0.000000008741130
0.000000008701550
0.000000008662148
0.000000008622925
0.000000008583880
0.000000008545012
0.000000008506319
0.000000008467802
0.000000008429459
0.000000008391290
0.000000008353293
0.000000008315469
0.000000008277816
0.000000008240333
0.000000008203021
0.000000008165877
0.000000008128901
0.000000008092093
0.000000008055451
0.000000008018975
0.000000007982665
0.000000007946519
0.000000007910536
0.000000007874717
0.000000007839059
0.000000007803563
0.000000007768228
0.000000007733053
0.000000007698037
0.000000007663180
0.000000007628481
0.000000007593938
0.000000007559552
0.000000007525322
0.000000007491247
0.000000007457326
0.000000007423558
0.000000007389944
0.000000007356482
0.000000007323171
0.000000007290011
0.000000007257001
0.000000007224141
0.000000007191430
0.000000007158866
0.000000007126450
0.000000007094181
0.000000007062058
0.000000007030081
0.000000006998248
0.000000006966559
0.000000006935014
0.000000006903612
0.000000006872352
0.000000006841233
0.000000006810256
0.000000006779418
0.000000006748721
0.000000006718162
0.000000006687742
0.000000006657459
0.000000006627313
0.000000006597304
0.000000006567431
0.000000006537694
0.000000006508090
0.000000006478621
0.000000006449286
0.000000006420083
0.000000006391012
0.000000006362073
0.000000006333265
0.000000006304588
0.000000006276040
0.000000006247622
0.000000006219332
0.000000006191170
0.000000006163136
0.000000006135229
0.000000006107448
0.000000006079793
0.000000006052263
0.000000006024858
0.000000005997577
0.000000005970420
0.000000005943385
0.000000005916473
0.000000005889683
0.000000005863014
0.000000005836466
0.000000005810038
0.000000005783729
0.000000005757540
0.000000005731470
0.000000005705517
0.000000005679682
0.000000005653964
0.000000005628362
0.000000005602877
0.000000005577507
0.000000005552251
0.000000005527110
0.000000005502083
0.000000005477169
0.000000005452368
0.000000005427679
0.000000005403102
0.000000005378637
0.000000005354282
0.000000005330037
0.000000005305902
0.000000005281877
0.000000005257960
0.000000005234152
0.000000005210451
0.000000005186858
0.000000005163371
0.000000005139991
0.000000005116717
0.000000005093548
0.000000005070484
0.000000005047524
0.000000005024669
0.000000005001917
0.000000004979268
0.000000004956721
0.000000004934277
0.000000004911934
0.000000004889692
0.000000004867551
0.000000004845511
0.000000004823570
0.000000004801728
0.000000004779986
0.000000004758342
0.000000004736796
0.000000004715347
0.000000004693995
0.000000004672741
0.000000004651582
0.000000004630519
0.000000004609552
0.000000004588680
0.000000004567902
0.000000004547218
0.000000004526628
0.000000004506131
0.000000004485727
0.000000004465415
0.000000004445195
0.000000004425067
0.000000004405030
0.000000004385084
0.000000004365228
0.000000004345462
0.000000004325785
0.000000004306198
0.000000004286699
0.000000004267288
0.000000004247966
0.000000004228731
0.000000004209583
0.000000004190521
0.000000004171546
0.000000004152657
0.000000004133854
0.000000004115135
0.000000004096502
0.000000004077952
0.000000004059487
0.000000004041105
0.000000004022807
0.000000004004591
0.000000003986458
0.000000003968407
0.000000003950438
0.000000003932550
0.000000003914743
0.000000003897017
0.000000003879371
0.000000003861805
0.000000003844318
0.000000003826911
0.000000003809582
0.000000003792332
0.000000003775160
0.000000003758066
0.000000003741049
0.000000003724110
0.000000003707246
0.000000003690460
0.000000003673749
0.000000003657114
0.000000003640554
0.000000003624070
0.000000003607660
0.000000003591324
0.000000003575062
0.000000003558874
0.000000003542759
0.000000003526717
0.000000003510748
0.000000003494851
0.000000003479026
0.000000003463273
0.000000003447591
0.000000003431980
0.000000003416439
0.000000003400970
0.000000003385570
0.000000003370240
0.000000003354979
0.000000003339787
0.000000003324664
0.000000003309610
0.000000003294624
0.000000003279706
0.000000003264855
0.000000003250071
0.000000003235355
0.000000003220705
0.000000003206121
0.000000003191604
0.000000003177152
0.000000003162765
0.000000003148444
0.000000003134188
0.000000003119996
0.000000003105868
0.000000003091805
0.000000003077805
0.000000003063868
0.000000003049995
0.000000003036184
0.000000003022436
0.000000003008750
0.000000002995127
0.000000002981564
0.000000002968064
0.000000002954624
0.000000002941245
0.000000002927927
0.000000002914669
0.000000002901471
0.000000002888333
0.000000002875255
0.000000002862235
0.000000002849275
0.000000002836373
0.000000002823530
0.000000002810745
0.000000002798017
0.000000002785348
0.000000002772735
0.000000002760180
0.000000002747682
0.000000002735240
0.000000002722855
0.000000002710526
0.000000002698252
0.000000002686034
0.000000002673872
0.000000002661764
0.000000002649711
0.000000002637713
0.000000002625770
0.000000002613880
0.000000002602044
0.000000002590262
0.000000002578533
0.000000002566857
0.000000002555234
0.000000002543664
0.000000002532146
0.000000002520680
0.000000002509266
0.000000002497904
0.000000002486594
0.000000002475334
0.000000002464126
0.000000002452968
0.000000002441861
0.000000002430804
0.000000002419797
0.000000002408840
0.000000002397932
0.000000002387074
0.000000002376265
0.000000002365506
0.000000002354794
0.000000002344132
0.000000002333517
0.000000002322951
0.000000002312432
0.000000002301961
0.000000002291538
0.000000002281162
0.000000002270832
0.000000002260550
0.000000002250314
0.000000002240124
0.000000002229981
0.000000002219883
0.000000002209832
0.000000002199825
0.000000002189864
0.000000002179949
0.000000002170078
0.000000002160251
0.000000002150469
0.000000002140732
0.000000002131039
0.000000002121389
0.000000002111783
0.000000002102221
0.000000002092702
0.000000002083226
0.000000002073793
0.000000002064403
0.000000002055055
0.000000002045749
0.000000002036486
0.000000002027265
0.000000002018085
0.000000002008947
0.000000001999850
0.000000001990795
0.000000001981781
0.000000001972807
0.000000001963874
0.000000001954981
0.000000001946129
0.000000001937317
0.000000001928544
0.000000001919812
0.000000001911119
0.000000001902465
0.000000001893851
0.000000001885275
0.000000001876738
0.000000001868240
0.000000001859781
0.000000001851360
0.000000001842977
0.000000001834631
0.000000001826324
0.000000001818054
0.000000001809822
0.000000001801627
0.000000001793469
0.000000001785348
0.000000001777264
0.000000001769216
0.000000001761205
0.000000001753230
0.000000001745292
0.000000001737389
0.000000001729522
0.000000001721690
0.000000001713894
0.000000001706134
0.000000001698408
0.000000001690718
0.000000001683062
0.000000001675441
0.000000001667854
0.000000001660302
0.000000001652784
0.000000001645300
0.000000001637850
0.000000001630434
0.000000001623051
0.000000001615702
0.000000001608386
0.000000001601103
0.000000001593853
0.000000001586636
0.000000001579452
0.000000001572300
0.000000001565180
0.000000001558093
0.000000001551038
0.000000001544015
0.000000001537023
0.000000001530063
0.000000001523135
0.000000001516238
0.000000001509373
0.000000001502538
0.000000001495734
0.000000001488962
0.000000001482220
0.000000001475508
0.000000001468827
0.000000001462176
0.000000001455555
0.000000001448964
0.000000001442403
0.000000001435872
0.000000001429370
0.000000001422898
0.000000001416455
0.000000001410041
0.000000001403656
0.000000001397300
0.000000001390973
0.000000001384675
0.000000001378405
0.000000001372163
0.000000001365950
0.000000001359765
0.000000001353608
0.000000001347479
0.000000001341377
0.000000001335303
0.000000001329257
0.000000001323238
0.000000001317246
0.000000001311282
0.000000001305344
0.000000001299433
0.000000001293549
0.000000001287692
0.000000001281861
0.000000001276057
0.000000001270279
0.000000001264527
0.000000001258801
0.000000001253101
0.000000001247427
0.000000001241778
0.000000001236156
0.000000001230558
0.000000001224986
0.000000001219439
0.000000001213918
0.000000001208421
0.000000001202949
0.000000001197502
0.000000001192080
0.000000001186682
0.000000001181308
0.000000001175959
0.000000001170635
0.000000001165334
0.000000001160057
0.000000001154804
0.000000001149575
0.000000001144370
0.000000001139188
0.000000001134030
0.000000001128895
0.000000001123783
0.000000001118694
0.000000001113629
0.000000001108586
0.000000001103567
0.000000001098569
0.000000001093595
0.000000001088643
0.000000001083714
0.000000001078807
0.000000001073922
0.000000001069059
0.000000001064218
0.000000001059399
0.000000001054602
0.000000001049827
0.000000001045073
0.000000001040341
0.000000001035630
0.000000001030941
0.000000001026273
0.000000001021626
0.000000001017000
0.000000001012395
0.000000001007810
0.000000001003247
0.000000000998704
0.000000000994182
0.000000000989680
0.000000000985199
0.000000000980738
0.000000000976297
0.000000000971876
0.000000000967475
0.000000000963095
0.000000000958734
0.000000000954392
0.000000000950071
0.000000000945769
0.000000000941486
0.000000000937223
0.000000000932979
0.000000000928755
0.000000000924549
0.000000000920363
0.000000000916195
0.000000000912047
0.000000000907917
0.000000000903806
0.000000000899713
0.000000000895639
0.000000000891584
0.000000000887547
0.000000000883528
0.000000000879527
0.000000000875545
0.000000000871580
0.000000000867634
0.000000000863705
0.000000000859794
0.000000000855901
0.000000000852025
0.000000000848167
0.000000000844326
0.000000000840503
0.000000000836697
0.000000000832909
0.000000000829137
0.000000000825383
0.000000000821646
0.000000000817925
0.000000000814221
0.000000000810535
0.000000000806864
0.000000000803211
0.000000000799574
0.000000000795953
0.000000000792349
0.000000000788761
0.000000000785190
0.000000000781634
0.000000000778095
0.000000000774572
0.000000000771065
0.000000000767573
0.000000000764097
0.000000000760638
0.000000000757193
0.000000000753765
0.000000000750352
0.000000000746954
0.000000000743572
0.000000000740205
0.000000000736853
0.000000000733516
0.000000000730195
0.000000000726889
0.000000000723597
0.000000000720321
0.000000000717059
0.000000000713812
0.000000000710580
0.000000000707362
0.000000000704159
0.000000000700971
0.000000000697797
0.000000000694637
0.000000000691492
0.000000000688361
0.000000000685244
0.000000000682141
0.000000000679052
0.000000000675977
0.000000000672916
0.000000000669869
0.000000000666836
0.000000000663817
0.000000000660811
0.000000000657819
0.000000000654840
0.000000000651875
0.000000000648923
0.000000000645985
0.000000000643060
0.000000000640148
0.000000000637249
0.000000000634364
0.000000000631491
0.000000000628632
0.000000000625785
0.000000000622952
0.000000000620131
0.000000000617323
0.000000000614528
0.000000000611745
0.000000000608975
0.000000000606218
0.000000000603473
0.000000000600740
0.000000000598020
0.000000000595312
0.000000000592616
0.000000000589933
0.000000000587262
0.000000000584602
0.000000000581955
0.000000000579320
0.000000000576697
0.000000000574086
0.000000000571486
0.000000000568898
0.000000000566322
0.000000000563758
0.000000000561205
0.000000000558664
0.000000000556134
0.000000000553616
0.000000000551109
0.000000000548614
0.000000000546130
0.000000000543657
0.000000000541195
0.000000000538745
0.000000000536305
0.000000000533877
0.000000000531459
0.000000000529053
0.000000000526657
0.000000000524272
0.000000000521898
0.000000000519535
0.000000000517183
0.000000000514841
0.000000000512510
0.000000000510189
0.000000000507879
0.000000000505579
0.000000000503290
0.000000000501011
0.000000000498742
0.000000000496484
0.000000000494236
0.000000000491998
0.000000000489770
0.000000000487552
0.000000000485345
0.000000000483147
0.000000000480959
0.000000000478781
0.000000000476613
0.000000000474455
0.000000000472307
0.000000000470168
0.000000000468039
0.000000000465920
0.000000000463810
0.000000000461710
0.000000000459620
0.000000000457538
0.000000000455467
0.000000000453404
0.000000000451351
0.000000000449307
0.000000000447273
0.000000000445248
0.000000000443231
0.000000000441224
0.000000000439227
0.000000000437238
0.000000000435258
0.000000000433287
0.000000000431325
0.000000000429372
0.000000000427428
0.000000000425492
0.000000000423566
0.000000000421648
0.000000000419738
0.000000000417838
0.000000000415946
0.000000000414062
0.000000000412188
0.000000000410321
0.000000000408463
0.000000000406614
0.000000000404772
0.000000000402940
0.000000000401115
0.000000000399299
0.000000000397491
0.000000000395691
0.000000000393899
0.000000000392115
0.000000000390340
0.000000000388572
0.000000000386813
0.000000000385061
0.000000000383318
0.000000000381582
0.000000000379854
0.000000000378134
0.000000000376422
0.000000000374718
0.000000000373021
0.000000000371332
0.000000000369650
0.000000000367977
0.000000000366310
0.000000000364652
0.000000000363001
0.000000000361357
0.000000000359721
0.000000000358092
0.000000000356470
0.000000000354856
0.000000000353249
0.000000000351650
0.000000000350057
0.000000000348472
0.000000000346894
0.000000000345324
0.000000000343760
0.000000000342203
0.000000000340654
0.000000000339111
0.000000000337576
0.000000000336047
0.000000000334526
0.000000000333011
0.000000000331503
0.000000000330002
0.000000000328508
0.000000000327020
0.000000000325539
0.000000000324065
0.000000000322598
0.000000000321137
0.000000000319683
0.000000000318236
0.000000000316795
0.000000000315360
0.000000000313932
0.000000000312511
0.000000000311096
0.000000000309687
0.000000000308285
0.000000000306889
0.000000000305499
0.000000000304116
0.000000000302739
0.000000000301368
0.000000000300003
0.000000000298645
0.000000000297292
0.000000000295946
0.000000000294606
0.000000000293272
0.000000000291944
0.000000000290622
0.000000000289306
0.000000000287996
0.000000000286692
0.000000000285394
0.000000000284102
0.000000000282815
0.000000000281535
0.000000000280260
0.000000000278991
0.000000000277728
0.000000000276470
0.000000000275218
0.000000000273972
0.000000000272731
0.000000000271496
0.000000000270267
0.000000000269043
0.000000000267825
0.000000000266612
0.000000000265405
0.000000000264203
0.000000000263007
0.000000000261816
0.000000000260631
0.000000000259450
0.000000000258276
0.000000000257106
0.000000000255942
0.000000000254783
0.000000000253629
0.000000000252481
0.000000000251338
0.000000000250200
0.000000000249067
0.000000000247939
0.000000000246816
0.000000000245699
0.000000000244586
0.000000000243478
0.000000000242376
0.000000000241278
0.000000000240186
0.000000000239098
0.000000000238016
0.000000000236938
0.000000000235865
0.000000000234797
0.000000000233734
0.000000000232676
0.000000000231622
0.000000000230573
0.000000000229529
0.000000000228490
0.000000000227455
0.000000000226425
0.000000000225400
0.000000000224379
0.000000000223363
0.000000000222352
0.000000000221345
0.000000000220343
0.000000000219345
0.000000000218352
0.000000000217363
0.000000000216379
0.000000000215399
0.000000000214424
0.000000000213453
0.000000000212486
0.000000000211524
0.000000000210566
0.000000000209613
0.000000000208664
0.000000000207719
0.000000000206778
0.000000000205842
0.000000000204910
0.000000000203982
0.000000000203059
0.000000000202139
0.000000000201224
0.000000000200313
0.000000000199406
0.000000000198503
0.000000000197604
0.000000000196709
0.000000000195818
0.000000000194932
0.000000000194049
0.000000000193170
0.000000000192296
0.000000000191425
0.000000000190558
0.000000000189695
0.000000000188836
0.000000000187981
0.000000000187130
0.000000000186283
0.000000000185439
0.000000000184599
0.000000000183764
0.000000000182932
0.000000000182103
0.000000000181279
0.000000000180458
0.000000000179641
0.000000000178827
0.000000000178017
0.000000000177211
0.000000000176409
0.000000000175610
0.000000000174815
0.000000000174023
0.000000000173235
0.000000000172451
0.000000000171670
0.000000000170893
0.000000000170119
0.000000000169349
0.000000000168582
0.000000000167819
0.000000000167059
0.000000000166302
0.000000000165549
0.000000000164800
0.000000000164053
0.000000000163310
0.000000000162571
0.000000000161835
0.000000000161102
0.000000000160373
0.000000000159646
0.000000000158923
0.000000000158204
0.000000000157487
0.000000000156774
0.000000000156064
0.000000000155358
0.000000000154654
0.000000000153954
0.000000000153257
0.000000000152563
0.000000000151872
0.000000000151184
0.000000000150500
0.000000000149818
0.000000000149140
0.000000000148465
0.000000000147792
0.000000000147123
0.000000000146457
0.000000000145794
0.000000000145134
0.000000000144477
0.000000000143822
0.000000000143171
0.000000000142523
0.000000000141877
0.000000000141235
0.000000000140596
0.000000000139959
0.000000000139325
0.000000000138694
0.000000000138066
0.000000000137441
0.000000000136819
0.000000000136199
0.000000000135582
0.000000000134969
0.000000000134357
0.000000000133749
0.000000000133143
0.000000000132541
0.000000000131940
0.000000000131343
0.000000000130748
0.000000000130156
0.000000000129567
0.000000000128980
0.000000000128396
0.000000000127815
0.000000000127236
0.000000000126660
0.000000000126086
0.000000000125515
0.000000000124947
0.000000000124381
0.000000000123818
0.000000000123257
0.000000000122699
0.000000000122144
0.000000000121591
0.000000000121040
0.000000000120492
0.000000000119946
0.000000000119403
0.000000000118863
0.000000000118324
0.000000000117789
0.000000000117255
0.000000000116724
0.000000000116196
0.000000000115670
0.000000000115146
0.000000000114624
0.000000000114105
0.000000000113589
0.000000000113074
0.000000000112562
0.000000000112053
0.000000000111545
0.000000000111040
0.000000000110537
0.000000000110037
0.000000000109539
0.000000000109043
0.000000000108549
0.000000000108057
0.000000000107568
0.000000000107081
0.000000000106596
0.000000000106113
0.000000000105633
0.000000000105155
0.000000000104678
0.000000000104204
0.000000000103733
0.000000000103263
0.000000000102795
0.000000000102330
0.000000000101867
0.000000000101405
0.000000000100946
0.000000000100489
0.000000000100034
0.000000000099581
